%Номер 2
a = [2.4 2.6 3;2, 5, 8; 1, 0.125, 2.6]
b = [-10,-125,5]'
X=a\b
Y=a^-1*b
chek = a*Y
